1574 916 
1574 920 
1574 924 
1574 928 
1574 931 
1570 935 
1573 939 
1573 943 
1573 947 
1576 951 
1576 955 
1568 958 
1567 961 
1567 965 
1566 969 
1566 973 
1565 976 
1572 981 
1564 984 
1563 987 
1570 993 
1569 996 
1569 1000 
1568 1004 
1567 1008 
1566 1011 
1565 1015 
1564 1019 
1563 1023 
1562 1026 
1561 1030 
1559 1034 
1558 1037 
1557 1041 
1556 1045 
1554 1048 
1553 1052 
1552 1055 
1550 1059 
1549 1063 
1537 1062 
1546 1070 
1534 1069 
1543 1077 
1531 1075 
1539 1084 
1538 1087 
1536 1091 
1534 1094 
1532 1097 
1531 1101 
1529 1104 
1527 1108 
1525 1111 
1523 1114 
1521 1118 
1499 1109 
1497 1112 
1495 1115 
1493 1118 
1491 1121 
1486 1121 
1484 1124 
1482 1127 
1502 1146 
1478 1133 
1476 1136 
1495 1155 
1468 1139 
1466 1142 
1464 1144 
1461 1147 
1459 1150 
1454 1150 
1451 1153 
1477 1181 
1475 1184 
1472 1187 
1469 1190 
1466 1193 
1464 1195 
1461 1198 
1458 1201 
1455 1203 
1452 1206 
1449 1208 
1446 1211 
1443 1214 
1440 1216 
1437 1219 
1434 1221 
1431 1223 
1428 1226 
1425 1228 
1425 1228 
1419 1233 
1416 1235 
1413 1237 
1413 1237 
1406 1241 
1403 1244 
1400 1246 
1396 1248 
1393 1250 
1390 1252 
1386 1254 
1383 1256 
1379 1258 
1376 1259 
1373 1261 
1369 1263 
1366 1265 
1362 1266 
1359 1268 
1355 1270 
1351 1271 
1348 1273 
1344 1274 
1341 1276 
1337 1277 
1334 1279 
1330 1280 
1326 1282 
1323 1283 
1319 1284 
1316 1289 
1312 1287 
1309 1292 
1305 1293 
1301 1294 
1298 1295 
1294 1296 
1290 1297 
1286 1298 
1282 1299 
1282 1299 
1275 1300 
1271 1301 
1267 1302 
1263 1303 
1259 1303 
1255 1304 
1252 1305 
1248 1305 
1244 1306 
1240 1306 
1236 1307 
1232 1307 
1228 1308 
1224 1308 
1220 1308 
1216 1308 
1212 1309 
1209 1309 
1205 1309 
1201 1309 
1197 1309 
1193 1309 
1189 1309 
1185 1309 
1181 1309 
1177 1309 
1173 1309 
1169 1308 
1165 1308 
1161 1308 
1158 1308 
1154 1307 
1150 1307 
1150 1307 
1142 1306 
1142 1306 
1134 1305 
1130 1304 
1126 1304 
1122 1303 
1119 1302 
1115 1301 
1111 1301 
1107 1300 
1103 1299 
1099 1298 
1096 1297 
1092 1296 
1088 1295 
1088 1295 
1088 1295 
1088 1295 
1088 1295 
1088 1295 
1088 1295 
1060 1290 
1060 1290 
1054 1284 
1051 1283 
1047 1281 
1043 1280 
1043 1280 
1036 1277 
1036 1277 
1036 1277 
1036 1277 
1020 1274 
1020 1274 
1020 1274 
1020 1274 
1020 1274 
1020 1274 
999 1263 
999 1263 
999 1263 
989 1257 
989 1257 
989 1257 
989 1257 
989 1257 
989 1257 
989 1257 
965 1242 
965 1242 
965 1242 
956 1235 
953 1232 
953 1232 
946 1227 
946 1227 
946 1227 
937 1220 
934 1217 
931 1215 
928 1212 
925 1209 
922 1207 
919 1204 
916 1201 
914 1198 
911 1196 
908 1193 
905 1190 
903 1187 
903 1187 
903 1187 
903 1187 
892 1175 
889 1172 
887 1169 
884 1166 
882 1163 
879 1160 
877 1157 
875 1154 
872 1150 
870 1147 
868 1144 
865 1141 
863 1137 
861 1134 
861 1134 
861 1134 
854 1124 
852 1121 
850 1117 
848 1114 
846 1110 
845 1107 
843 1103 
841 1100 
839 1096 
837 1093 
835 1089 
834 1086 
832 1082 
830 1079 
829 1075 
829 1075 
829 1075 
824 1064 
824 1064 
821 1057 
820 1053 
819 1049 
817 1045 
816 1042 
815 1038 
814 1034 
812 1030 
811 1026 
810 1023 
809 1019 
808 1015 
808 1015 
806 1007 
805 1003 
804 999 
804 996 
803 992 
802 988 
801 984 
801 980 
800 976 
800 972 
799 968 
799 964 
798 960 
798 956 
797 952 
797 948 
797 945 
796 941 
796 937 
796 933 
796 929 
796 925 
796 921 
799 917 
796 913 
796 909 
796 905 
796 901 
796 897 
796 893 
796 893 
796 893 
797 881 
797 881 
797 881 
802 870 
802 870 
803 862 
804 858 
804 854 
805 850 
806 846 
806 843 
807 839 
808 835 
808 835 
808 835 
808 835 
812 819 
813 816 
814 812 
815 808 
816 804 
817 801 
818 797 
818 797 
818 797 
822 786 
823 782 
823 782 
826 775 
827 771 
829 767 
830 764 
830 764 
830 764 
830 764 
830 764 
830 764 
830 764 
830 764 
830 764 
845 732 
845 732 
849 725 
854 723 
854 723 
854 723 
854 723 
854 723 
854 723 
854 723 
866 698 
871 697 
873 694 
875 691 
878 687 
880 684 
882 681 
885 678 
887 675 
890 672 
892 669 
894 666 
897 663 
900 660 
902 657 
905 654 
907 651 
910 648 
913 646 
915 643 
918 640 
921 637 
926 637 
929 635 
932 632 
935 630 
938 627 
953 639 
944 622 
944 617 
962 632 
965 630 
953 609 
956 607 
959 605 
965 605 
968 603 
971 601 
974 599 
974 599 
993 614 
993 614 
1006 619 
1009 618 
1009 618 
997 584 
1000 582 
1004 580 
1007 578 
1010 577 
1014 575 
1024 587 
1026 582 
1029 580 
1033 578 
1031 566 
1038 572 
1038 563 
1042 562 
1045 560 
1049 559 
1052 557 
1056 556 
1060 554 
1066 560 
1067 552 
1070 551 
1076 557 
1078 548 
1081 547 
1085 546 
1089 545 
1093 544 
1096 543 
1101 546 
1105 545 
1108 544 
1112 543 
1117 546 
1120 545 
1123 541 
1128 548 
1131 540 
1135 539 
1138 539 
1142 538 
1146 538 
1150 537 
1154 537 
1157 536 
1161 536 
1165 536 
1169 535 
1173 535 
1176 535 
1180 535 
1184 535 
1188 535 
1192 535 
1195 535 
1199 535 
1203 535 
1207 535 
1211 535 
1214 535 
1218 536 
1221 551 
1226 536 
1229 544 
1233 545 
1237 541 
1241 542 
1244 542 
1249 539 
1252 543 
1256 540 
1260 541 
1264 541 
1267 542 
1271 543 
1275 544 
1278 548 
1281 549 
1285 550 
1289 551 
1292 552 
1296 553 
1300 554 
1303 555 
1307 556 
1310 557 
1313 562 
1318 560 
1321 561 
1325 562 
1328 564 
1332 565 
1335 567 
1339 568 
1342 569 
1346 571 
1351 569 
1353 574 
1358 572 
1361 574 
1364 576 
1366 581 
1369 583 
1373 584 
1376 586 
1379 588 
1383 590 
1386 592 
1389 594 
1390 599 
1396 598 
1399 600 
1404 599 
1407 601 
1410 603 
1413 605 
1414 610 
1417 613 
1418 618 
1423 617 
1426 620 
1429 622 
1432 624 
1435 627 
1438 629 
1441 632 
1444 634 
1446 637 
1449 639 
1452 642 
1455 644 
1457 647 
1460 650 
1463 652 
1465 655 
1468 658 
1471 661 
1473 663 
1476 666 
1478 669 
1481 672 
1483 675 
1485 678 
1488 681 
1490 684 
1492 687 
1495 690 
1497 693 
1499 696 
1501 699 
1503 702 
1506 705 
1508 708 
1510 711 
1512 715 
1514 718 
1516 721 
1518 724 
1520 727 
1521 731 
1523 734 
1525 737 
1527 741 
1529 744 
1530 747 
1532 751 
1534 754 
1535 758 
1537 761 
1538 764 
1540 768 
1541 771 
1543 775 
1544 778 
1545 782 
1547 786 
1548 789 
1549 793 
1551 796 
1552 800 
1553 803 
1558 806 
1555 811 
1560 813 
1561 817 
1558 822 
1559 825 
1560 829 
1561 833 
1565 835 
1562 840 
1563 844 
1568 847 
1564 851 
1569 854 
1570 858 
1566 862 
1571 865 
1567 870 
1572 873 
1568 877 
1572 881 
1573 884 
1573 888 
1573 892 
1573 896 
1574 900 
1574 903 
1574 907 
1574 911 
1574 915 

