2122 1027 
2122 1031 
2122 1034 
2098 1037 
2097 1040 
2097 1043 
2097 1046 
2097 1050 
2121 1055 
2120 1058 
2120 1062 
2120 1065 
2119 1069 
2119 1072 
2118 1075 
2118 1079 
2117 1082 
2117 1086 
2116 1089 
2115 1092 
2115 1096 
2114 1099 
2113 1102 
2079 1098 
2079 1101 
2078 1104 
2077 1107 
2076 1110 
2075 1113 
2071 1115 
2070 1118 
2069 1121 
2068 1124 
2067 1127 
2066 1130 
2065 1133 
2064 1136 
2063 1138 
2062 1141 
2093 1157 
2093 1157 
2090 1163 
2089 1166 
2087 1170 
2087 1170 
2084 1176 
2084 1176 
2084 1176 
2084 1176 
2084 1176 
2076 1191 
2076 1191 
2073 1197 
2071 1200 
2071 1200 
2071 1200 
2071 1200 
2071 1200 
2071 1200 
2058 1215 
2056 1218 
2054 1221 
2052 1224 
2050 1226 
2048 1229 
2046 1232 
2044 1235 
2042 1237 
2040 1240 
2037 1242 
2035 1245 
2033 1248 
2033 1248 
2033 1248 
2026 1255 
2022 1255 
2019 1258 
2017 1260 
2017 1260 
2012 1265 
2012 1265 
2007 1270 
2005 1272 
2003 1274 
2000 1276 
1998 1279 
1995 1281 
1992 1283 
1990 1285 
1987 1287 
1987 1287 
1987 1287 
1979 1294 
1975 1293 
1972 1295 
1969 1297 
1969 1297 
1969 1297 
1961 1302 
1961 1302 
1961 1302 
1961 1302 
1950 1310 
1950 1310 
1944 1313 
1941 1315 
1939 1316 
1939 1316 
1939 1316 
1930 1321 
1927 1322 
1922 1321 
1921 1325 
1921 1325 
1921 1325 
1921 1325 
1921 1325 
1921 1325 
1902 1330 
1902 1330 
1902 1330 
1892 1334 
1889 1335 
1886 1336 
1883 1337 
1880 1338 
1877 1339 
1877 1339 
1877 1339 
1877 1339 
1877 1339 
1861 1344 
1858 1345 
1855 1346 
1852 1346 
1848 1344 
1845 1345 
1841 1345 
1838 1346 
1838 1346 
1832 1347 
1829 1348 
1825 1348 
1822 1349 
1819 1352 
1816 1353 
1812 1350 
1809 1350 
1806 1350 
1803 1351 
1800 1351 
1796 1351 
1793 1351 
1790 1351 
1787 1352 
1783 1352 
1780 1352 
1777 1352 
1774 1352 
1770 1352 
1767 1352 
1764 1351 
1761 1351 
1757 1351 
1754 1351 
1751 1351 
1748 1350 
1744 1350 
1741 1350 
1738 1349 
1738 1349 
1738 1349 
1738 1349 
1725 1348 
1725 1348 
1725 1348 
1716 1343 
1713 1342 
1713 1342 
1707 1341 
1704 1340 
1704 1340 
1697 1342 
1694 1338 
1691 1337 
1691 1337 
1691 1337 
1691 1337 
1691 1337 
1691 1337 
1691 1337 
1691 1337 
1667 1329 
1664 1328 
1661 1327 
1661 1327 
1655 1324 
1652 1323 
1649 1322 
1649 1322 
1643 1319 
1640 1318 
1640 1318 
1640 1318 
1631 1314 
1631 1314 
1624 1314 
1621 1312 
1620 1308 
1617 1306 
1613 1307 
1612 1303 
1609 1301 
1606 1299 
1604 1298 
1601 1296 
1598 1294 
1596 1292 
1593 1291 
1590 1289 
1588 1287 
1585 1285 
1580 1286 
1580 1286 
1580 1286 
1573 1280 
1572 1275 
1570 1273 
1568 1271 
1565 1269 
1563 1267 
1560 1264 
1558 1262 
1556 1260 
1553 1258 
1551 1256 
1549 1253 
1546 1251 
1542 1251 
1540 1249 
1537 1246 
1535 1244 
1533 1242 
1533 1242 
1529 1237 
1527 1234 
1525 1232 
1523 1229 
1521 1227 
1519 1224 
1517 1221 
1515 1219 
1513 1216 
1511 1214 
1509 1211 
1507 1208 
1505 1205 
1504 1203 
1502 1200 
1500 1197 
1499 1194 
1497 1192 
1495 1189 
1494 1186 
1492 1183 
1491 1180 
1489 1178 
1488 1175 
1486 1172 
1485 1169 
1483 1166 
1482 1163 
1481 1160 
1479 1157 
1475 1155 
1474 1152 
1472 1149 
1471 1146 
1471 1146 
1471 1146 
1471 1146 
1486 1127 
1466 1131 
1464 1128 
1483 1119 
1482 1116 
1482 1116 
1482 1116 
1460 1112 
1460 1112 
1458 1106 
1457 1102 
1457 1099 
1456 1096 
1455 1093 
1471 1086 
1454 1086 
1470 1080 
1453 1080 
1452 1077 
1452 1073 
1465 1068 
1451 1067 
1451 1064 
1450 1060 
1447 1058 
1446 1054 
1446 1051 
1446 1048 
1446 1044 
1446 1041 
1445 1038 
1445 1034 
1445 1031 
1445 1028 
1445 1024 
1445 1021 
1445 1018 
1446 1014 
1446 1011 
1446 1008 
1446 1005 
1446 1001 
1447 998 
1447 995 
1447 991 
1454 989 
1448 985 
1448 981 
1449 978 
1449 975 
1450 972 
1457 970 
1451 965 
1458 963 
1452 959 
1470 959 
1451 951 
1451 951 
1452 945 
1453 942 
1454 938 
1455 935 
1456 932 
1457 929 
1458 926 
1459 922 
1460 919 
1461 916 
1462 913 
1463 910 
1464 907 
1466 904 
1467 900 
1468 897 
1469 894 
1471 891 
1472 888 
1477 887 
1475 882 
1476 879 
1478 876 
1479 873 
1481 870 
1483 867 
1484 864 
1486 861 
1488 858 
1489 856 
1491 853 
1496 852 
1497 849 
1499 846 
1495 840 
1503 841 
1502 836 
1504 833 
1509 832 
1508 828 
1513 827 
1515 824 
1517 822 
1519 819 
1518 815 
1518 810 
1520 807 
1525 807 
1527 804 
1527 800 
1529 797 
1531 795 
1533 792 
1536 790 
1538 787 
1541 785 
1543 783 
1546 780 
1548 778 
1551 776 
1553 773 
1556 771 
1558 769 
1561 767 
1563 765 
1566 763 
1571 763 
1571 758 
1576 759 
1579 757 
1585 761 
1586 756 
1591 757 
1590 749 
1592 748 
1595 746 
1598 744 
1601 742 
1604 740 
1607 739 
1610 737 
1611 732 
1615 734 
1618 732 
1620 728 
1623 726 
1626 725 
1629 723 
1630 719 
1636 723 
1637 716 
1641 717 
1644 716 
1647 715 
1650 713 
1654 712 
1656 708 
1659 707 
1663 709 
1666 708 
1668 703 
1672 702 
1676 704 
1679 703 
1683 706 
1686 702 
1689 701 
1691 696 
1696 702 
1699 698 
1701 694 
1705 693 
1709 696 
1711 692 
1715 691 
1718 691 
1721 690 
1725 693 
1729 692 
1732 689 
1735 692 
1738 688 
1742 691 
1745 687 
1749 687 
1752 687 
1756 690 
1759 686 
1762 686 
1766 686 
1769 686 
1772 686 
1776 686 
1779 686 
1783 686 
1786 686 
1789 686 
1793 683 
1796 683 
1800 683 
1803 683 
1807 684 
1810 684 
1814 684 
1817 685 
1821 685 
1823 689 
1827 686 
1830 690 
1834 687 
1838 688 
1841 688 
1844 689 
1848 690 
1851 690 
1854 691 
1858 692 
1861 693 
1865 694 
1868 694 
1871 695 
1874 696 
1878 697 
1881 698 
1884 699 
1888 701 
1891 702 
1894 703 
1897 704 
1901 705 
1904 707 
1907 708 
1910 709 
1913 710 
1917 712 
1920 713 
1921 718 
1924 719 
1929 718 
1932 719 
1935 721 
1937 725 
1941 724 
1944 726 
1946 730 
1949 732 
1952 734 
1954 736 
1957 737 
1960 739 
1963 741 
1966 743 
1971 742 
1974 744 
1978 743 
1981 745 
1984 747 
1987 749 
1987 754 
1992 754 
1995 756 
1998 758 
2000 760 
2001 765 
2006 765 
2008 767 
2011 769 
2014 772 
2016 774 
2019 776 
2021 779 
2024 781 
2026 784 
2028 786 
2028 791 
2031 794 
2036 794 
2038 797 
2040 799 
2042 802 
2045 805 
2047 807 
2049 810 
2051 813 
2053 815 
2055 818 
2057 821 
2060 824 
2062 827 
2064 830 
2066 832 
2067 835 
2069 838 
2071 841 
2067 848 
2069 851 
2068 855 
2070 858 
2071 861 
2082 859 
2084 862 
2076 870 
2087 868 
2088 872 
2090 875 
2091 878 
2093 881 
2085 888 
2086 891 
2097 891 
2098 894 
2090 901 
2088 905 
2090 908 
2104 907 
2092 915 
2093 918 
2107 917 
2108 920 
2109 923 
2110 927 
2111 930 
2112 933 
2113 937 
2097 944 
2098 947 
2099 951 
2116 950 
2100 957 
2118 957 
2119 960 
2119 964 
2120 967 
2120 971 
2121 974 
2121 977 
2122 981 
2122 984 
2123 988 
2123 991 
2124 995 
2124 998 
2124 1002 
2124 1005 
2104 1010 
2101 1013 
2101 1016 
2122 1019 
2122 1023 
2122 1026 

