2023 1197 
2023 1202 
2023 1206 
2023 1211 
2023 1215 
2023 1220 
2022 1224 
2022 1229 
2022 1233 
2021 1238 
2021 1242 
2021 1247 
2020 1251 
2019 1256 
2019 1260 
2018 1265 
2018 1269 
2017 1273 
2016 1278 
2015 1282 
2014 1287 
2013 1291 
2012 1295 
2011 1300 
2011 1300 
2011 1300 
2011 1300 
2011 1300 
2006 1322 
2005 1326 
2003 1330 
2002 1334 
2000 1339 
1999 1343 
1998 1347 
1996 1351 
1994 1356 
1993 1360 
1993 1360 
1990 1368 
1990 1368 
1990 1368 
1990 1368 
1990 1368 
1990 1368 
1990 1368 
1977 1397 
1975 1401 
1973 1405 
1973 1405 
1973 1405 
1966 1417 
1964 1421 
1962 1424 
1962 1424 
1962 1424 
1962 1424 
1962 1424 
1962 1424 
1962 1424 
1949 1454 
1949 1454 
1949 1454 
1949 1454 
1949 1454 
1932 1469 
1929 1473 
1929 1473 
1923 1480 
1921 1483 
1918 1487 
1915 1490 
1912 1494 
1909 1497 
1906 1500 
1903 1504 
1903 1510 
1900 1513 
1897 1516 
1897 1516 
1887 1520 
1884 1523 
1884 1523 
1877 1529 
1874 1532 
1871 1535 
1867 1538 
1864 1541 
1860 1544 
1857 1546 
1853 1549 
1850 1552 
1846 1555 
1843 1557 
1839 1560 
1839 1560 
1839 1560 
1839 1560 
1839 1560 
1821 1573 
1821 1573 
1813 1578 
1809 1580 
1805 1582 
1801 1585 
1798 1587 
1794 1589 
1790 1591 
1786 1594 
1782 1596 
1778 1598 
1774 1600 
1770 1602 
1766 1604 
1762 1606 
1758 1607 
1753 1609 
1753 1609 
1753 1609 
1753 1609 
1737 1616 
1733 1618 
1728 1619 
1724 1621 
1720 1622 
1716 1624 
1711 1625 
1707 1626 
1703 1628 
1699 1629 
1694 1630 
1690 1631 
1686 1633 
1681 1634 
1677 1635 
1677 1635 
1668 1637 
1664 1638 
1659 1638 
1655 1639 
1650 1640 
1646 1641 
1642 1641 
1637 1642 
1633 1643 
1628 1643 
1628 1643 
1619 1644 
1619 1644 
1610 1641 
1606 1645 
1606 1645 
1606 1645 
1592 1642 
1592 1642 
1583 1646 
1583 1646 
1583 1646 
1583 1646 
1583 1646 
1561 1642 
1557 1642 
1552 1642 
1552 1642 
1543 1641 
1539 1641 
1534 1640 
1530 1640 
1526 1639 
1521 1639 
1517 1638 
1512 1638 
1508 1637 
1508 1637 
1499 1636 
1499 1636 
1499 1636 
1499 1636 
1499 1636 
1499 1636 
1499 1636 
1499 1636 
1499 1636 
1499 1636 
1499 1636 
1452 1625 
1447 1624 
1443 1622 
1439 1621 
1435 1620 
1430 1618 
1430 1618 
1422 1615 
1418 1614 
1414 1612 
1410 1610 
1405 1609 
1401 1607 
1397 1605 
1393 1604 
1389 1602 
1385 1600 
1381 1598 
1377 1596 
1373 1594 
1369 1592 
1365 1590 
1365 1590 
1365 1590 
1365 1590 
1350 1581 
1350 1581 
1350 1581 
1338 1574 
1338 1574 
1331 1570 
1327 1567 
1327 1567 
1320 1562 
1316 1560 
1312 1557 
1309 1554 
1305 1552 
1302 1549 
1298 1546 
1295 1543 
1295 1543 
1288 1538 
1285 1535 
1281 1532 
1278 1529 
1275 1526 
1271 1523 
1268 1520 
1265 1517 
1262 1514 
1258 1511 
1255 1507 
1252 1504 
1249 1501 
1249 1501 
1249 1501 
1249 1501 
1237 1488 
1234 1484 
1232 1481 
1229 1478 
1226 1474 
1223 1471 
1221 1467 
1218 1464 
1215 1460 
1213 1456 
1210 1453 
1208 1449 
1205 1445 
1203 1442 
1200 1438 
1198 1434 
1198 1434 
1198 1434 
1198 1434 
1198 1434 
1186 1415 
1184 1411 
1182 1407 
1180 1403 
1178 1399 
1176 1395 
1174 1391 
1172 1387 
1170 1383 
1168 1379 
1167 1375 
1165 1371 
1165 1371 
1165 1371 
1160 1359 
1160 1359 
1160 1359 
1160 1359 
1160 1359 
1152 1338 
1151 1334 
1150 1329 
1148 1325 
1147 1321 
1146 1317 
1145 1312 
1143 1308 
1142 1304 
1142 1304 
1140 1295 
1140 1295 
1140 1295 
1138 1282 
1137 1278 
1136 1273 
1135 1269 
1135 1265 
1134 1260 
1133 1256 
1133 1251 
1132 1247 
1132 1243 
1131 1238 
1131 1234 
1131 1229 
1130 1225 
1130 1220 
1130 1216 
1130 1211 
1130 1207 
1129 1203 
1129 1198 
1129 1194 
1130 1189 
1130 1185 
1130 1180 
1130 1176 
1130 1171 
1130 1167 
1131 1163 
1131 1158 
1132 1154 
1132 1149 
1133 1145 
1133 1140 
1134 1136 
1134 1132 
1135 1127 
1136 1123 
1137 1118 
1137 1114 
1138 1110 
1139 1105 
1140 1101 
1141 1097 
1141 1097 
1143 1088 
1144 1084 
1145 1079 
1147 1075 
1148 1071 
1149 1067 
1150 1062 
1152 1058 
1153 1054 
1155 1050 
1156 1046 
1158 1041 
1159 1037 
1161 1033 
1161 1033 
1161 1033 
1162 1019 
1162 1019 
1162 1019 
1171 1009 
1173 1005 
1175 1001 
1177 997 
1179 993 
1181 989 
1184 985 
1186 981 
1188 977 
1190 973 
1192 969 
1192 969 
1192 969 
1192 969 
1192 969 
1192 969 
1192 969 
1209 943 
1209 943 
1214 936 
1217 932 
1217 932 
1222 925 
1225 922 
1228 918 
1231 915 
1234 911 
1236 908 
1239 905 
1242 901 
1245 898 
1245 892 
1248 888 
1254 888 
1257 885 
1261 882 
1264 879 
1267 876 
1270 873 
1273 870 
1277 867 
1277 867 
1298 878 
1290 861 
1290 861 
1291 849 
1294 846 
1298 843 
1301 840 
1301 840 
1309 835 
1315 836 
1319 834 
1322 831 
1326 829 
1330 826 
1333 824 
1337 821 
1341 819 
1345 817 
1348 814 
1352 812 
1352 812 
1360 808 
1362 802 
1366 800 
1382 821 
1384 816 
1384 816 
1384 796 
1388 794 
1392 792 
1396 790 
1400 788 
1404 787 
1408 785 
1414 787 
1416 782 
1421 780 
1425 779 
1429 777 
1433 776 
1436 770 
1440 769 
1446 772 
1450 770 
1456 773 
1462 781 
1465 776 
1467 766 
1472 765 
1476 764 
1480 763 
1485 762 
1489 761 
1493 760 
1498 759 
1502 759 
1507 758 
1511 757 
1515 757 
1519 752 
1524 756 
1528 751 
1533 755 
1538 754 
1542 754 
1547 758 
1551 758 
1555 758 
1560 757 
1564 757 
1569 757 
1573 753 
1577 757 
1582 753 
1586 757 
1591 758 
1595 758 
1600 753 
1604 754 
1609 754 
1613 754 
1617 755 
1622 755 
1626 756 
1631 756 
1635 757 
1640 758 
1644 758 
1648 759 
1653 760 
1657 761 
1661 761 
1666 762 
1670 763 
1674 764 
1679 765 
1683 766 
1687 767 
1691 773 
1696 770 
1700 771 
1705 772 
1709 774 
1713 775 
1717 776 
1721 778 
1726 779 
1730 781 
1734 782 
1738 784 
1742 786 
1746 787 
1750 789 
1754 791 
1759 793 
1763 795 
1767 797 
1771 798 
1775 800 
1779 803 
1782 805 
1786 807 
1790 809 
1794 811 
1798 813 
1802 815 
1806 818 
1809 820 
1813 822 
1817 825 
1821 827 
1824 830 
1828 832 
1832 835 
1835 837 
1841 837 
1842 843 
1846 845 
1849 848 
1853 851 
1856 854 
1860 857 
1863 859 
1867 862 
1870 865 
1873 868 
1876 871 
1880 874 
1883 877 
1886 881 
1889 884 
1892 887 
1892 893 
1898 893 
1902 897 
1905 900 
1907 903 
1910 906 
1913 910 
1916 913 
1919 917 
1922 920 
1925 924 
1927 927 
1930 931 
1933 934 
1932 941 
1938 942 
1940 945 
1943 949 
1945 953 
1944 959 
1950 960 
1949 966 
1951 970 
1957 971 
1959 975 
1961 979 
1964 983 
1966 987 
1968 991 
1970 995 
1972 999 
1974 1003 
1976 1007 
1978 1011 
1980 1015 
1977 1021 
1979 1025 
1977 1030 
1987 1031 
1980 1039 
1990 1039 
1979 1048 
1993 1048 
1982 1056 
1996 1056 
1997 1060 
1981 1070 
2000 1069 
1984 1078 
1981 1083 
1982 1088 
1983 1092 
1984 1096 
2011 1094 
1981 1105 
1982 1109 
1979 1114 
1980 1118 
1980 1122 
1977 1127 
1977 1131 
1974 1136 
1974 1140 
2019 1138 
2019 1138 
2020 1147 
2021 1151 
2021 1156 
2022 1160 
2022 1165 
2022 1169 
2023 1174 
2023 1178 
2023 1183 
2023 1187 
2023 1191 
2023 1196 

