975 1164 
975 1168 
975 1173 
975 1177 
975 1182 
975 1186 
975 1191 
974 1195 
974 1199 
969 1203 
969 1208 
968 1212 
968 1217 
967 1221 
967 1225 
966 1230 
965 1234 
965 1238 
964 1243 
963 1247 
962 1251 
961 1256 
961 1260 
960 1264 
959 1268 
957 1273 
956 1277 
955 1281 
954 1285 
949 1288 
952 1294 
946 1297 
949 1302 
943 1305 
946 1310 
940 1313 
943 1319 
933 1320 
940 1327 
938 1331 
936 1335 
931 1337 
929 1341 
927 1345 
925 1349 
923 1353 
922 1357 
920 1361 
918 1365 
912 1366 
914 1372 
911 1376 
909 1380 
907 1384 
905 1387 
899 1389 
897 1393 
898 1399 
896 1402 
893 1406 
891 1409 
888 1413 
886 1417 
883 1420 
881 1424 
878 1427 
875 1430 
873 1434 
870 1437 
867 1441 
865 1444 
862 1447 
859 1451 
843 1442 
853 1457 
850 1460 
831 1448 
844 1467 
841 1470 
820 1454 
817 1457 
811 1457 
808 1460 
825 1485 
799 1462 
796 1464 
816 1493 
812 1496 
809 1499 
806 1502 
775 1470 
799 1507 
795 1510 
792 1512 
792 1512 
782 1514 
779 1516 
775 1519 
772 1521 
768 1524 
765 1526 
761 1528 
757 1531 
754 1533 
750 1535 
746 1537 
743 1539 
739 1541 
735 1543 
731 1545 
727 1547 
724 1549 
720 1551 
720 1551 
720 1551 
720 1551 
720 1551 
720 1551 
696 1562 
696 1562 
688 1565 
684 1567 
684 1567 
676 1569 
672 1571 
668 1572 
664 1574 
664 1574 
656 1576 
651 1577 
647 1579 
643 1580 
639 1581 
635 1582 
635 1582 
626 1584 
626 1584 
618 1586 
614 1586 
610 1587 
610 1587 
601 1589 
597 1589 
593 1590 
588 1591 
584 1591 
580 1592 
575 1592 
571 1592 
567 1593 
563 1593 
558 1593 
554 1594 
550 1594 
545 1594 
541 1594 
537 1594 
533 1594 
533 1594 
524 1594 
520 1594 
515 1594 
511 1594 
511 1594 
502 1593 
498 1593 
494 1593 
490 1592 
485 1592 
485 1592 
477 1591 
477 1591 
477 1591 
463 1593 
463 1593 
455 1592 
455 1592 
446 1590 
442 1589 
438 1588 
438 1588 
438 1588 
425 1585 
425 1585 
425 1585 
425 1585 
425 1585 
425 1585 
425 1585 
425 1585 
392 1575 
388 1574 
384 1572 
379 1571 
375 1569 
371 1568 
367 1566 
367 1566 
359 1563 
359 1563 
351 1559 
347 1557 
343 1555 
340 1554 
336 1552 
332 1550 
328 1548 
324 1546 
320 1543 
317 1541 
313 1539 
309 1537 
305 1535 
305 1535 
296 1534 
296 1534 
296 1534 
285 1526 
285 1526 
285 1526 
285 1526 
285 1526 
285 1526 
285 1526 
260 1508 
256 1506 
256 1506 
250 1500 
246 1497 
243 1494 
240 1491 
237 1488 
233 1485 
230 1482 
227 1479 
224 1476 
224 1476 
218 1470 
215 1467 
212 1464 
209 1460 
206 1457 
203 1454 
200 1451 
197 1447 
194 1444 
191 1441 
189 1437 
186 1434 
183 1430 
181 1427 
178 1423 
175 1420 
173 1416 
173 1416 
173 1416 
173 1416 
173 1416 
161 1398 
158 1394 
156 1390 
154 1387 
152 1383 
149 1379 
147 1375 
145 1371 
143 1367 
141 1363 
139 1360 
137 1356 
135 1352 
134 1348 
134 1348 
134 1348 
128 1336 
128 1336 
125 1327 
123 1323 
122 1319 
120 1315 
119 1311 
117 1307 
116 1303 
114 1299 
113 1294 
112 1290 
111 1286 
109 1282 
108 1278 
107 1273 
106 1269 
105 1265 
104 1260 
103 1256 
106 1251 
106 1251 
101 1243 
101 1243 
103 1234 
103 1234 
103 1234 
101 1221 
97 1217 
96 1213 
96 1209 
95 1204 
95 1204 
95 1204 
98 1191 
98 1186 
98 1182 
98 1178 
98 1173 
98 1169 
98 1165 
98 1160 
98 1156 
98 1152 
98 1147 
98 1143 
98 1139 
99 1134 
99 1130 
99 1130 
99 1130 
99 1130 
99 1130 
99 1130 
102 1104 
102 1104 
102 1104 
104 1091 
104 1091 
104 1091 
104 1091 
107 1074 
108 1070 
108 1070 
114 1062 
115 1058 
116 1054 
116 1054 
119 1046 
120 1042 
120 1042 
120 1042 
120 1042 
120 1042 
120 1042 
120 1042 
120 1042 
120 1042 
120 1042 
120 1042 
120 1042 
120 1042 
120 1042 
120 1042 
147 983 
148 979 
150 976 
152 972 
154 968 
154 968 
154 968 
154 968 
154 968 
154 968 
167 946 
169 942 
171 938 
171 938 
171 938 
171 938 
171 938 
183 921 
183 921 
191 916 
191 916 
196 909 
199 906 
201 903 
204 900 
207 896 
209 893 
212 890 
215 887 
218 883 
220 880 
220 880 
226 874 
229 871 
232 868 
235 865 
241 865 
244 862 
247 859 
250 857 
253 854 
256 851 
260 848 
263 846 
266 843 
269 840 
272 838 
276 835 
279 833 
282 830 
282 830 
289 825 
292 823 
292 823 
292 823 
292 823 
306 813 
310 811 
313 809 
317 807 
320 805 
324 802 
328 800 
331 798 
335 796 
339 794 
342 793 
346 791 
350 789 
350 789 
357 785 
357 785 
365 782 
369 780 
373 779 
377 777 
380 775 
384 774 
388 772 
395 779 
396 770 
400 768 
404 767 
408 766 
412 765 
416 763 
420 762 
420 762 
428 760 
432 759 
436 758 
440 757 
444 756 
448 755 
452 755 
457 754 
461 753 
465 752 
469 752 
473 751 
477 751 
481 750 
485 749 
490 749 
494 749 
498 748 
498 748 
498 748 
510 747 
515 747 
515 747 
515 747 
527 756 
527 756 
527 756 
527 756 
543 756 
543 756 
543 756 
556 752 
560 752 
565 748 
569 748 
572 753 
577 749 
577 749 
586 746 
590 746 
594 747 
598 748 
603 748 
607 749 
611 750 
615 751 
619 752 
623 752 
627 753 
631 754 
636 755 
640 756 
644 758 
647 763 
647 763 
655 765 
659 766 
664 764 
668 765 
672 766 
676 768 
680 769 
684 771 
688 772 
693 770 
695 775 
701 773 
700 787 
709 777 
713 778 
717 780 
720 782 
724 784 
724 784 
717 815 
731 797 
737 796 
743 794 
747 796 
750 798 
754 800 
758 803 
761 805 
765 807 
768 810 
772 812 
775 814 
779 817 
782 819 
781 829 
792 821 
782 841 
799 826 
799 832 
802 835 
806 838 
812 837 
815 840 
818 843 
822 846 
825 849 
828 851 
831 854 
834 857 
837 861 
840 864 
843 867 
849 867 
852 870 
855 873 
845 888 
858 883 
844 900 
866 886 
869 890 
872 893 
875 897 
877 900 
880 903 
883 907 
885 910 
888 914 
888 914 
896 919 
895 925 
897 928 
870 951 
902 936 
904 939 
910 941 
912 945 
915 949 
917 952 
919 956 
921 960 
923 964 
925 968 
927 972 
929 976 
931 980 
928 986 
930 990 
932 994 
934 998 
939 1000 
941 1004 
942 1008 
944 1012 
941 1018 
943 1022 
948 1025 
946 1030 
947 1034 
952 1037 
949 1043 
955 1046 
956 1050 
957 1054 
958 1058 
963 1062 
964 1066 
965 1070 
966 1075 
967 1079 
968 1083 
965 1088 
965 1093 
970 1096 
967 1101 
967 1106 
972 1110 
968 1114 
973 1118 
974 1123 
974 1127 
974 1132 
975 1136 
975 1140 
975 1145 
975 1149 
975 1154 
975 1158 
975 1163 

